0
0
0
0
0
0
0
0
0
0
0
0
0
0
0
0
0
0
0
0
0
0
0
0
0
0
0
0
27
27
27
27
0
0
0
0
0
0
0
0
0
36
36
0
0
0
0
0
0
0
0
0
27
0
27
0
0
0
0
58
0
60
60
60
60
60
60
60
60
60
60
60
0
60
60
74
74
60
60
60
60
0
0
0
0
60
60
60
60
60
60
0
91
0
0
0
0
0
0
0
91
91
91
91
91
91
91
91
91
91
0
0
0
0
0
0
0
0
0
0
0
120
0
0
0
0
0
0
0
0
0
0
0
0
0
0
0
0
0
0
0
0
0
0
0
0
0
0
0
0
0
0
0
0
0
0
0
0
0
0
0
0
0
0
0
0
0
0
0
0
0
0
171
171
0
0
178
176
0
178
178
178
178
178
178
176
176
0
0
0
176
176
178
178
178
178
178
178
0
0
0
0
0
0
0
0
0
0
0
0
209
0
0
215
215
0
215
215
219
0
219
219
219
215
215
215
215
212
0
0
0
209
209
209
209
0
0
0
215
209
209
0
0
209
0
0
0
0
0
0
215
215
219
219
0
215
0
0
0
0
0
0
0
0
0
0
0
0
0
0
0
0
0
0
0
0
0
0
0
0
0
0
0
0
0
288
0
0
0
288
288
0
0
0
305
288
305
296
296
296
0
0
296
296
305
0
305
305
305
305
305
305
305
305
305
305
305
305
305
305
305
305
305
305
305
305
305
0
327
327
327
327
327
327
327
327
327
327
327
327
327
327
327
327
327
327
345
345
345
327
0
0
327
327
327
327
327
327
327
327
327
327
327
327
327
327
327
0
327
0
327
327
327
349
327
327
327
0
327
0
327
0
0
0
0
0
0
0
390
390
0
0
390
390
390
0
398
398
0
398
398
398
398
398
403
403
398
398
398
390
390
0
390
390
390
0
390
0
0
390
390
0
0
0
0
0
0
426
0
0
0
0
0
0
0
438
435
435
0
438
438
0
435
438
0
438
438
438
0
0
0
0
398
398
398
398
0
0
0
0
0
0
0
0
0
0
0
0
0
0
0
0
0
0
0
0
0
479
479
0
479
479
0
482
482
482
0
482
482
479
489
479
479
479
479
479
479
479
479
479
499
499
479
479
479
479
479
479
479
479
479
479
479
479
479
0
0
0
0
0
0
0
479
479
479
0
525
525
525
525
529
529
525
525
525
525
525
525
0
0
479
479
479
479
0
479
0
0
0
0
0
0
479
479
479
0
479
0
0
0
0
0
0
0
0
0
0
0
0
0
0
570
0
0
0
0
0
0
0
0
0
0
0
0
0
0
0
586
586
586
586
586
586
586
586
586
586
586
597
597
0
586
586
586
0
0
0
0
0
0
0
0
0
0
0
0
0
0
0
0
0
620
620
620
0
0
0
0
0
0
0
0
0
631
631
0
635
635
0
0
0
644
641
644
0
644
644
644
644
644
644
0
641
0
0
0
0
0
0
0
0
0
0
0
0
0
631
631
631
0
0
0
0
664
0
0
0
0
0
0
0
0
0
0
0
0
0
0
0
0
0
0
0
692
0
0
0
0
0
0
0
0
0
0
0
0
0
0
0
713
713
713
713
0
713
713
713
713
713
709
713
713
713
713
713
713
713
713
713
713
713
713
713
732
732
732
732
732
737
737
737
713
713
713
713
713
713
713
713
0
0
0
0
0
755
0
755
755
755
755
755
755
755
755
755
755
755
755
755
755
755
755
755
755
755
0
775
775
755
775
775
0
755
755
755
755
0
0
